72.6249 91.5339
59.4324 51.5358
97.5149 66.1561
52.8652 78.8493
7.41007 32.985
58.3744 3.09722
92.8593 1.97524
77.9372 33.6045
34.2526 41.482
90.7313 65.148
57.063 0.782814
28.6952 72.9566
70.24 45.2956
22.3708 87.2067
71.745 88.5457
33.6358 67.1428
60.5524 6.66561
76.8242 82.6867
14.4854 0.238443
49.3874 9.70056
69.2356 62.5061
75.4976 46.1797
77.7466 75.1587
97.6268 17.796
44.9552 83.5422
57.6174 39.9789
79.1795 49.201
54.2455 73.9295
12.5137 12.8952
76.5725 44.2397
20.8265 88.7774
33.9419 83.8125
92.4272 79.8028
31.6842 49.9603
13.5156 45.4274
54.6674 88.1657
72.5993 34.6433
95.4439 59.7731
18.0123 34.9867
76.0963 51.3926
85.2648 35.9704
76.4392 20.3856
46.0112 21.9918
39.5438 14.039
73.4808 58.5342
84.1075 76.7294
98.9629 91.3984
92.3147 87.5353
79.0475 88.978
35.3935 36.7211
7.34021 81.8776
67.8054 67.4759
67.885 30.6172
53.7438 30.0074
79.4452 83.1393
54.5504 8.56484
20.8469 15.6636
30.0054 29.5086
25.2274 34.0818
36.3171 57.2462
84.1552 77.2041
22.4489 34.0442
98.1805 31.0718
35.352 22.4379
70.2385 86.693
45.2182 46.6563
57.1962 36.8473
0.390902 10.1862
22.1207 86.3434
97.9195 54.9671
34.5281 97.2242
67.8656 19.0315
24.5163 39.5945
72.4099 73.5038
65.6941 76.2619
33.9652 99.7286
88.1195 54.2901
4.34438 65.1578
31.7664 76.642
14.8454 14.3163
98.9382 36.1034
48.5631 95.9358
3.56379 12.4209
49.5433 33.1864
82.7934 70.6547
47.4119 35.0581
69.2455 53.5889
16.6822 45.7167
77.4679 33.3589
65.7516 91.5527
20.1043 46.0902
41.3939 13.6749
98.2021 5.26424
61.119 63.5035
26.2696 56.7611
32.3679 53.1045
27.7726 38.0504
88.3664 16.3053
31.7244 10.0754
77.8838 35.7435
